9.700000000000000000e+01
9.800000000000000000e+01
9.900000000000000000e+01
1.000000000000000000e+02
1.010000000000000000e+02
1.020000000000000000e+02
1.030000000000000000e+02
1.040000000000000000e+02
1.050000000000000000e+02
1.060000000000000000e+02
1.070000000000000000e+02
1.080000000000000000e+02
1.090000000000000000e+02
1.100000000000000000e+02
1.110000000000000000e+02
1.120000000000000000e+02
1.130000000000000000e+02
1.140000000000000000e+02
1.150000000000000000e+02
1.160000000000000000e+02
1.170000000000000000e+02
1.180000000000000000e+02
1.190000000000000000e+02
1.200000000000000000e+02
1.210000000000000000e+02
1.220000000000000000e+02
9.700000000000000000e+01
9.800000000000000000e+01
9.900000000000000000e+01
1.000000000000000000e+02
1.010000000000000000e+02
1.020000000000000000e+02
1.030000000000000000e+02
1.040000000000000000e+02
1.050000000000000000e+02
1.060000000000000000e+02
1.070000000000000000e+02
1.080000000000000000e+02
1.090000000000000000e+02
1.100000000000000000e+02
1.110000000000000000e+02
1.120000000000000000e+02
1.130000000000000000e+02
1.140000000000000000e+02
1.150000000000000000e+02
1.160000000000000000e+02
1.170000000000000000e+02
1.180000000000000000e+02
1.190000000000000000e+02
1.200000000000000000e+02
1.210000000000000000e+02
1.220000000000000000e+02
9.700000000000000000e+01
9.800000000000000000e+01
9.900000000000000000e+01
1.000000000000000000e+02
1.010000000000000000e+02
1.020000000000000000e+02
1.030000000000000000e+02
1.040000000000000000e+02
1.050000000000000000e+02
1.060000000000000000e+02
1.070000000000000000e+02
1.080000000000000000e+02
1.090000000000000000e+02
1.100000000000000000e+02
1.110000000000000000e+02
1.120000000000000000e+02
1.130000000000000000e+02
1.140000000000000000e+02
1.150000000000000000e+02
1.160000000000000000e+02
1.170000000000000000e+02
1.180000000000000000e+02
1.190000000000000000e+02
1.200000000000000000e+02
1.210000000000000000e+02
1.220000000000000000e+02
9.700000000000000000e+01
9.800000000000000000e+01
9.900000000000000000e+01
1.000000000000000000e+02
1.010000000000000000e+02
1.020000000000000000e+02
1.030000000000000000e+02
1.040000000000000000e+02
1.050000000000000000e+02
1.060000000000000000e+02
1.070000000000000000e+02
1.080000000000000000e+02
1.090000000000000000e+02
1.100000000000000000e+02
1.110000000000000000e+02
1.120000000000000000e+02
1.130000000000000000e+02
1.140000000000000000e+02
1.150000000000000000e+02
1.160000000000000000e+02
1.170000000000000000e+02
1.180000000000000000e+02
1.190000000000000000e+02
1.200000000000000000e+02
1.210000000000000000e+02
1.220000000000000000e+02
9.700000000000000000e+01
9.800000000000000000e+01
9.900000000000000000e+01
1.000000000000000000e+02
1.010000000000000000e+02
1.020000000000000000e+02
1.030000000000000000e+02
1.040000000000000000e+02
1.050000000000000000e+02
1.060000000000000000e+02
1.070000000000000000e+02
1.080000000000000000e+02
1.090000000000000000e+02
1.100000000000000000e+02
1.110000000000000000e+02
1.120000000000000000e+02
1.130000000000000000e+02
1.140000000000000000e+02
1.150000000000000000e+02
1.160000000000000000e+02
1.170000000000000000e+02
1.180000000000000000e+02
1.190000000000000000e+02
1.200000000000000000e+02
1.210000000000000000e+02
1.220000000000000000e+02
9.700000000000000000e+01
9.800000000000000000e+01
9.900000000000000000e+01
1.000000000000000000e+02
1.010000000000000000e+02
1.020000000000000000e+02
1.030000000000000000e+02
1.040000000000000000e+02
1.050000000000000000e+02
1.060000000000000000e+02
1.070000000000000000e+02
1.080000000000000000e+02
1.090000000000000000e+02
1.100000000000000000e+02
1.110000000000000000e+02
1.120000000000000000e+02
1.130000000000000000e+02
1.140000000000000000e+02
1.150000000000000000e+02
1.160000000000000000e+02
1.170000000000000000e+02
1.180000000000000000e+02
1.190000000000000000e+02
1.200000000000000000e+02
1.210000000000000000e+02
1.220000000000000000e+02
9.700000000000000000e+01
9.800000000000000000e+01
9.900000000000000000e+01
1.000000000000000000e+02
1.010000000000000000e+02
1.020000000000000000e+02
1.030000000000000000e+02
1.040000000000000000e+02
1.050000000000000000e+02
1.060000000000000000e+02
1.070000000000000000e+02
1.080000000000000000e+02
1.090000000000000000e+02
1.100000000000000000e+02
1.110000000000000000e+02
1.120000000000000000e+02
1.130000000000000000e+02
1.140000000000000000e+02
1.150000000000000000e+02
1.160000000000000000e+02
1.170000000000000000e+02
1.180000000000000000e+02
1.190000000000000000e+02
1.200000000000000000e+02
1.210000000000000000e+02
1.220000000000000000e+02
9.700000000000000000e+01
9.800000000000000000e+01
9.900000000000000000e+01
1.000000000000000000e+02
1.010000000000000000e+02
1.020000000000000000e+02
1.030000000000000000e+02
1.040000000000000000e+02
1.050000000000000000e+02
1.060000000000000000e+02
1.070000000000000000e+02
1.080000000000000000e+02
1.090000000000000000e+02
1.100000000000000000e+02
1.110000000000000000e+02
1.120000000000000000e+02
1.130000000000000000e+02
1.140000000000000000e+02
1.150000000000000000e+02
1.160000000000000000e+02
1.170000000000000000e+02
1.180000000000000000e+02
1.190000000000000000e+02
1.200000000000000000e+02
1.210000000000000000e+02
1.220000000000000000e+02
9.700000000000000000e+01
9.800000000000000000e+01
9.900000000000000000e+01
1.000000000000000000e+02
1.010000000000000000e+02
1.020000000000000000e+02
1.030000000000000000e+02
1.040000000000000000e+02
1.050000000000000000e+02
1.060000000000000000e+02
1.070000000000000000e+02
1.080000000000000000e+02
1.090000000000000000e+02
1.100000000000000000e+02
1.110000000000000000e+02
1.120000000000000000e+02
1.130000000000000000e+02
1.140000000000000000e+02
1.150000000000000000e+02
1.160000000000000000e+02
1.170000000000000000e+02
1.180000000000000000e+02
1.190000000000000000e+02
1.200000000000000000e+02
1.210000000000000000e+02
1.220000000000000000e+02
4.300000000000000000e+01
4.500000000000000000e+01
2.150000000000000000e+02
2.470000000000000000e+02
6.100000000000000000e+01
3.050000000000000000e+02
1.770000000000000000e+02
3.020000000000000000e+02
3.000000000000000000e+02
6.290000000000000000e+02
6.000000000000000000e+01
6.200000000000000000e+01
3.070000000000000000e+02
3.060000000000000000e+02
3.010000000000000000e+02
3.030000000000000000e+02
4.300000000000000000e+01
4.500000000000000000e+01
2.150000000000000000e+02
2.470000000000000000e+02
6.100000000000000000e+01
3.050000000000000000e+02
1.770000000000000000e+02
3.020000000000000000e+02
3.000000000000000000e+02
6.290000000000000000e+02
6.000000000000000000e+01
6.200000000000000000e+01
3.070000000000000000e+02
3.060000000000000000e+02
3.010000000000000000e+02
3.030000000000000000e+02
4.300000000000000000e+01
4.500000000000000000e+01
2.150000000000000000e+02
2.470000000000000000e+02
6.100000000000000000e+01
3.050000000000000000e+02
1.770000000000000000e+02
3.020000000000000000e+02
3.000000000000000000e+02
6.290000000000000000e+02
6.000000000000000000e+01
6.200000000000000000e+01
3.070000000000000000e+02
3.060000000000000000e+02
3.010000000000000000e+02
3.030000000000000000e+02
4.300000000000000000e+01
4.500000000000000000e+01
2.150000000000000000e+02
2.470000000000000000e+02
6.100000000000000000e+01
3.050000000000000000e+02
1.770000000000000000e+02
3.020000000000000000e+02
3.000000000000000000e+02
6.290000000000000000e+02
6.000000000000000000e+01
6.200000000000000000e+01
3.070000000000000000e+02
3.060000000000000000e+02
3.010000000000000000e+02
3.030000000000000000e+02
4.300000000000000000e+01
4.500000000000000000e+01
2.150000000000000000e+02
2.470000000000000000e+02
6.100000000000000000e+01
3.050000000000000000e+02
1.770000000000000000e+02
3.020000000000000000e+02
3.000000000000000000e+02
6.290000000000000000e+02
6.000000000000000000e+01
6.200000000000000000e+01
3.070000000000000000e+02
3.060000000000000000e+02
3.010000000000000000e+02
3.030000000000000000e+02
4.300000000000000000e+01
4.500000000000000000e+01
2.150000000000000000e+02
2.470000000000000000e+02
6.100000000000000000e+01
3.050000000000000000e+02
1.770000000000000000e+02
3.020000000000000000e+02
3.000000000000000000e+02
6.290000000000000000e+02
6.000000000000000000e+01
6.200000000000000000e+01
3.070000000000000000e+02
3.060000000000000000e+02
3.010000000000000000e+02
3.030000000000000000e+02
4.300000000000000000e+01
4.500000000000000000e+01
2.150000000000000000e+02
2.470000000000000000e+02
6.100000000000000000e+01
3.050000000000000000e+02
1.770000000000000000e+02
3.020000000000000000e+02
3.000000000000000000e+02
6.290000000000000000e+02
6.000000000000000000e+01
6.200000000000000000e+01
3.070000000000000000e+02
3.060000000000000000e+02
3.010000000000000000e+02
3.030000000000000000e+02
4.300000000000000000e+01
4.500000000000000000e+01
2.150000000000000000e+02
2.470000000000000000e+02
6.100000000000000000e+01
3.050000000000000000e+02
1.770000000000000000e+02
3.020000000000000000e+02
3.000000000000000000e+02
6.290000000000000000e+02
6.000000000000000000e+01
6.200000000000000000e+01
3.070000000000000000e+02
3.060000000000000000e+02
3.010000000000000000e+02
3.030000000000000000e+02
4.300000000000000000e+01
4.500000000000000000e+01
2.150000000000000000e+02
2.470000000000000000e+02
6.100000000000000000e+01
3.050000000000000000e+02
1.770000000000000000e+02
3.020000000000000000e+02
3.000000000000000000e+02
6.290000000000000000e+02
6.000000000000000000e+01
6.200000000000000000e+01
3.070000000000000000e+02
3.060000000000000000e+02
3.010000000000000000e+02
3.030000000000000000e+02
4.800000000000000000e+01
4.900000000000000000e+01
5.000000000000000000e+01
5.100000000000000000e+01
5.200000000000000000e+01
5.300000000000000000e+01
5.400000000000000000e+01
5.500000000000000000e+01
5.600000000000000000e+01
5.700000000000000000e+01
4.800000000000000000e+01
4.900000000000000000e+01
5.000000000000000000e+01
5.100000000000000000e+01
5.200000000000000000e+01
5.300000000000000000e+01
5.400000000000000000e+01
5.500000000000000000e+01
5.600000000000000000e+01
5.700000000000000000e+01
4.800000000000000000e+01
4.900000000000000000e+01
5.000000000000000000e+01
5.100000000000000000e+01
5.200000000000000000e+01
5.300000000000000000e+01
5.400000000000000000e+01
5.500000000000000000e+01
5.600000000000000000e+01
5.700000000000000000e+01
4.800000000000000000e+01
4.900000000000000000e+01
5.000000000000000000e+01
5.100000000000000000e+01
5.200000000000000000e+01
5.300000000000000000e+01
5.400000000000000000e+01
5.500000000000000000e+01
5.600000000000000000e+01
5.700000000000000000e+01
4.800000000000000000e+01
4.900000000000000000e+01
5.000000000000000000e+01
5.100000000000000000e+01
5.200000000000000000e+01
5.300000000000000000e+01
5.400000000000000000e+01
5.500000000000000000e+01
5.600000000000000000e+01
5.700000000000000000e+01
4.800000000000000000e+01
4.900000000000000000e+01
5.000000000000000000e+01
5.100000000000000000e+01
5.200000000000000000e+01
5.300000000000000000e+01
5.400000000000000000e+01
5.500000000000000000e+01
5.600000000000000000e+01
5.700000000000000000e+01
4.800000000000000000e+01
4.900000000000000000e+01
5.000000000000000000e+01
5.100000000000000000e+01
5.200000000000000000e+01
5.300000000000000000e+01
5.400000000000000000e+01
5.500000000000000000e+01
5.600000000000000000e+01
5.700000000000000000e+01
4.800000000000000000e+01
4.900000000000000000e+01
5.000000000000000000e+01
5.100000000000000000e+01
5.200000000000000000e+01
5.300000000000000000e+01
5.400000000000000000e+01
5.500000000000000000e+01
5.600000000000000000e+01
5.700000000000000000e+01
4.800000000000000000e+01
4.900000000000000000e+01
5.000000000000000000e+01
5.100000000000000000e+01
5.200000000000000000e+01
5.300000000000000000e+01
5.400000000000000000e+01
5.500000000000000000e+01
5.600000000000000000e+01
5.700000000000000000e+01
4.000000000000000000e+01
4.100000000000000000e+01
1.230000000000000000e+02
1.250000000000000000e+02
9.100000000000000000e+01
9.300000000000000000e+01
4.000000000000000000e+01
4.100000000000000000e+01
1.230000000000000000e+02
1.250000000000000000e+02
9.100000000000000000e+01
9.300000000000000000e+01
4.000000000000000000e+01
4.100000000000000000e+01
1.230000000000000000e+02
1.250000000000000000e+02
9.100000000000000000e+01
9.300000000000000000e+01
4.000000000000000000e+01
4.100000000000000000e+01
1.230000000000000000e+02
1.250000000000000000e+02
9.100000000000000000e+01
9.300000000000000000e+01
4.000000000000000000e+01
4.100000000000000000e+01
1.230000000000000000e+02
1.250000000000000000e+02
9.100000000000000000e+01
9.300000000000000000e+01
4.000000000000000000e+01
4.100000000000000000e+01
1.230000000000000000e+02
1.250000000000000000e+02
9.100000000000000000e+01
9.300000000000000000e+01
4.000000000000000000e+01
4.100000000000000000e+01
1.230000000000000000e+02
1.250000000000000000e+02
9.100000000000000000e+01
9.300000000000000000e+01
4.000000000000000000e+01
4.100000000000000000e+01
1.230000000000000000e+02
1.250000000000000000e+02
9.100000000000000000e+01
9.300000000000000000e+01
4.000000000000000000e+01
4.100000000000000000e+01
1.230000000000000000e+02
1.250000000000000000e+02
9.100000000000000000e+01
9.300000000000000000e+01
4.500000000000000000e+01
4.500000000000000000e+01
4.500000000000000000e+01
4.500000000000000000e+01
4.500000000000000000e+01
4.500000000000000000e+01
4.500000000000000000e+01
4.500000000000000000e+01
4.500000000000000000e+01
4.500000000000000000e+01
4.500000000000000000e+01
4.500000000000000000e+01
4.500000000000000000e+01
4.500000000000000000e+01
4.500000000000000000e+01
4.500000000000000000e+01
4.500000000000000000e+01
4.500000000000000000e+01
4.500000000000000000e+01
4.500000000000000000e+01
4.500000000000000000e+01
4.500000000000000000e+01
4.500000000000000000e+01
4.500000000000000000e+01
4.500000000000000000e+01
4.500000000000000000e+01
4.500000000000000000e+01
3.090000000000000000e+02
3.090000000000000000e+02
3.090000000000000000e+02
3.090000000000000000e+02
3.090000000000000000e+02
3.090000000000000000e+02
3.090000000000000000e+02
3.090000000000000000e+02
3.090000000000000000e+02
3.100000000000000000e+02
3.100000000000000000e+02
3.100000000000000000e+02
3.100000000000000000e+02
3.100000000000000000e+02
3.100000000000000000e+02
3.100000000000000000e+02
3.100000000000000000e+02
3.100000000000000000e+02
3.080000000000000000e+02
3.080000000000000000e+02
3.080000000000000000e+02
3.080000000000000000e+02
3.080000000000000000e+02
3.080000000000000000e+02
3.080000000000000000e+02
3.080000000000000000e+02
3.080000000000000000e+02
3.080000000000000000e+02
3.080000000000000000e+02
3.080000000000000000e+02
3.080000000000000000e+02
3.080000000000000000e+02
3.080000000000000000e+02
3.080000000000000000e+02
3.080000000000000000e+02
3.080000000000000000e+02
4.300000000000000000e+01
4.300000000000000000e+01
4.300000000000000000e+01
4.300000000000000000e+01
4.300000000000000000e+01
4.300000000000000000e+01
4.300000000000000000e+01
4.300000000000000000e+01
4.300000000000000000e+01
1.080000000000000000e+02
1.110000000000000000e+02
1.030000000000000000e+02
1.080000000000000000e+02
1.110000000000000000e+02
1.030000000000000000e+02
1.080000000000000000e+02
1.110000000000000000e+02
1.030000000000000000e+02
1.080000000000000000e+02
1.110000000000000000e+02
1.030000000000000000e+02
1.080000000000000000e+02
1.110000000000000000e+02
1.030000000000000000e+02
1.080000000000000000e+02
1.110000000000000000e+02
1.030000000000000000e+02
1.080000000000000000e+02
1.110000000000000000e+02
1.030000000000000000e+02
1.080000000000000000e+02
1.110000000000000000e+02
1.030000000000000000e+02
1.080000000000000000e+02
1.110000000000000000e+02
1.030000000000000000e+02
1.150000000000000000e+02
1.050000000000000000e+02
1.100000000000000000e+02
1.150000000000000000e+02
1.050000000000000000e+02
1.100000000000000000e+02
1.150000000000000000e+02
1.050000000000000000e+02
1.100000000000000000e+02
1.150000000000000000e+02
1.050000000000000000e+02
1.100000000000000000e+02
1.150000000000000000e+02
1.050000000000000000e+02
1.100000000000000000e+02
1.150000000000000000e+02
1.050000000000000000e+02
1.100000000000000000e+02
1.150000000000000000e+02
1.050000000000000000e+02
1.100000000000000000e+02
1.150000000000000000e+02
1.050000000000000000e+02
1.100000000000000000e+02
1.150000000000000000e+02
1.050000000000000000e+02
1.100000000000000000e+02
9.900000000000000000e+01
1.110000000000000000e+02
9.900000000000000000e+01
1.110000000000000000e+02
9.900000000000000000e+01
1.110000000000000000e+02
9.900000000000000000e+01
1.110000000000000000e+02
9.900000000000000000e+01
1.110000000000000000e+02
9.900000000000000000e+01
1.110000000000000000e+02
9.900000000000000000e+01
1.110000000000000000e+02
9.900000000000000000e+01
1.110000000000000000e+02
9.900000000000000000e+01
1.110000000000000000e+02
1.160000000000000000e+02
9.700000000000000000e+01
1.160000000000000000e+02
9.700000000000000000e+01
1.160000000000000000e+02
9.700000000000000000e+01
1.160000000000000000e+02
9.700000000000000000e+01
1.160000000000000000e+02
9.700000000000000000e+01
1.160000000000000000e+02
9.700000000000000000e+01
1.160000000000000000e+02
9.700000000000000000e+01
1.160000000000000000e+02
9.700000000000000000e+01
1.160000000000000000e+02
9.700000000000000000e+01
3.080000000000000000e+02
3.080000000000000000e+02
3.080000000000000000e+02
3.080000000000000000e+02
3.080000000000000000e+02
3.080000000000000000e+02
3.080000000000000000e+02
3.080000000000000000e+02
3.080000000000000000e+02
9.700000000000000000e+01
9.800000000000000000e+01
9.900000000000000000e+01
1.000000000000000000e+02
1.010000000000000000e+02
1.020000000000000000e+02
1.030000000000000000e+02
1.040000000000000000e+02
1.050000000000000000e+02
1.060000000000000000e+02
1.070000000000000000e+02
1.080000000000000000e+02
1.090000000000000000e+02
1.100000000000000000e+02
1.110000000000000000e+02
1.120000000000000000e+02
1.130000000000000000e+02
1.140000000000000000e+02
1.150000000000000000e+02
1.160000000000000000e+02
1.170000000000000000e+02
1.180000000000000000e+02
1.190000000000000000e+02
1.200000000000000000e+02
1.210000000000000000e+02
1.220000000000000000e+02
9.700000000000000000e+01
9.800000000000000000e+01
9.900000000000000000e+01
1.000000000000000000e+02
1.010000000000000000e+02
1.020000000000000000e+02
1.030000000000000000e+02
1.040000000000000000e+02
1.050000000000000000e+02
1.060000000000000000e+02
1.070000000000000000e+02
1.080000000000000000e+02
1.090000000000000000e+02
1.100000000000000000e+02
1.110000000000000000e+02
1.120000000000000000e+02
1.130000000000000000e+02
1.140000000000000000e+02
1.150000000000000000e+02
1.160000000000000000e+02
1.170000000000000000e+02
1.180000000000000000e+02
1.190000000000000000e+02
1.200000000000000000e+02
1.210000000000000000e+02
1.220000000000000000e+02
9.700000000000000000e+01
9.800000000000000000e+01
9.900000000000000000e+01
1.000000000000000000e+02
1.010000000000000000e+02
1.020000000000000000e+02
1.030000000000000000e+02
1.040000000000000000e+02
1.050000000000000000e+02
1.060000000000000000e+02
1.070000000000000000e+02
1.080000000000000000e+02
1.090000000000000000e+02
1.100000000000000000e+02
1.110000000000000000e+02
1.120000000000000000e+02
1.130000000000000000e+02
1.140000000000000000e+02
1.150000000000000000e+02
1.160000000000000000e+02
1.170000000000000000e+02
1.180000000000000000e+02
1.190000000000000000e+02
1.200000000000000000e+02
1.210000000000000000e+02
1.220000000000000000e+02
